Caroline Islands  (2590,1151)
Philippines  (2334,1058)
Tuvalu Sea Zone  (2972,1169)  (2936,1204)  (2936,1168)  (3007,1205)  (2972,1133)  (3008,1133)  (3008,1169)  (2934,1132)  (2971,1240)  (2935,1240)  (2900,1204)  (2900,1168)  (3043,1225)  (3007,1241)  (2899,1241)  (2970,1097)  (2986,1061)
Persian Gulf Sea Zone  (1532,1003)  (1496,1038)  (1550,1039)  (1552,967)  (1580,901)  (1470,841)
Morocco  (775,808)  (739,843)  (739,807)
Bay of Biscay Sea Zone  (608,554)  (572,589)  (572,553)  (643,590)  (608,518)  (644,518)  (644,554)  (570,517)  (536,600)  (536,564)  (680,507)  (680,543)  (534,528)  (716,531)
South China Sea Zone  (2186,1025)  (2150,1060)  (2150,1024)  (2186,989)  (2115,1096)  (2164,953)  (2200,953)  (2079,1080)  (2110,1132)  (2140,917)  (2176,917)  (2212,917)  (2059,1044)  (1981,1042)
Afghanistan  (1674,701)  (1638,730)  (1638,694)  (1710,672)  (1710,708)
Argentina-Chile  (246,1591)  (210,1626)  (210,1590)  (281,1627)  (246,1555)  (282,1555)  (282,1591)  (208,1554)  (245,1662)  (209,1662)  (174,1597)  (289,1663)  (244,1519)  (280,1519)  (318,1522)  (318,1558)  (318,1594)  (172,1561)  (172,1525)  (208,1518)  (253,1698)  (217,1698)  (244,1483)  (354,1558)  (354,1594)  (269,1734)  (233,1734)  (251,1770)
Caribbean Sea Zone  (1,829)  (35,933)  (40,893)  (71,929)  (79,1011)  (88,965)  (107,904)  (115,1001)  (124,940)  (140,843)  (151,976)  (164,1012)  (176,833)  (178,869)  (187,960)  (200,996)  (212,824)  (214,860)  (223,949)  (236,985)  (250,862)
Evenki National Okrug  (1931,162)  (1895,197)  (1895,161)  (1966,198)  (1931,126)  (1967,126)  (1967,162)  (1893,125)  (1930,233)  (1894,233)  (1859,197)  (1859,161)  (2002,198)  (2002,234)  (1966,234)  (1858,234)  (1929,90)  (1965,90)  (2001,90)  (2003,126)  (2003,162)  (1857,125)  (1857,89)  (1893,89)  (2037,56)  (1930,269)  (1894,269)  (1823,198)  (1823,162)  (2038,198)  (2038,234)  (2038,270)  (2002,270)  (1966,270)  (1858,270)  (1822,270)  (1822,234)  (1929,54)  (1965,54)  (2001,54)  (2039,92)  (2039,128)  (1821,126)  (1821,90)  (1821,54)  (1857,53)  (1893,53)  (2037,20)  (2073,20)  (2073,56)  (1787,198)  (1787,162)
Yellow Sea Zone  (2422,610)  (2386,645)  (2386,609)  (2422,574)  (2458,574)  (2443,538)  (2479,538)  (2345,699)  (2469,502)  (2309,719)  (2305,683)
French Equatorial Africa  (1058,1165)  (1022,1197)  (1022,1161)  (1068,1129)  (1094,1165)  (986,1192)  (1059,1093)  (1048,1057)  (1036,1021)  (1036,985)
Karelian A.S.S.R.  (1147,227)  (1162,263)  (1126,263)  (1142,191)  (1183,199)  (1136,299)  (1144,155)  (1143,119)  (1179,117)
South Sargasso Sea Zone  (386,796)  (350,831)  (350,795)  (421,832)  (386,760)  (422,760)  (422,796)  (348,759)  (338,867)  (314,831)  (314,795)  (384,724)  (420,724)  (456,724)  (458,760)  (458,796)  (312,759)  (342,723)  (302,878)  (278,802)
Cape of Good Hope Sea Zone  (960,1762)  (924,1797)  (924,1761)  (995,1798)  (960,1726)  (996,1726)  (996,1762)  (922,1725)  (888,1828)  (888,1792)  (1031,1798)  (987,1690)  (1023,1690)  (1032,1726)  (1032,1762)  (886,1756)  (852,1828)  (852,1792)  (1067,1798)  (850,1756)  (816,1828)  (816,1792)  (1103,1782)  (1103,1818)  (1139,1772)  (1139,1808)
Ukranian S.S.R.  (1197,416)  (1161,422)  (1161,386)  (1232,452)  (1197,380)  (1233,380)  (1233,416)  (1196,458)  (1154,350)  (1260,488)  (1190,344)  (1224,494)
Okinawa Sea Zone  (2403,869)  (2412,830)  (2439,866)  (2475,851)  (2487,809)  (2523,806)  (2559,770)
Panama  (100,1067)
Papua  (2509,1263)
Angola Sea Zone  (911,1556)  (875,1591)  (875,1555)  (946,1592)  (911,1520)  (947,1520)  (947,1556)  (873,1519)  (910,1627)  (874,1627)  (839,1591)  (839,1555)  (982,1613)  (946,1628)  (838,1628)  (909,1484)  (945,1484)  (837,1519)  (837,1483)  (873,1483)  (910,1663)  (874,1663)  (803,1592)  (803,1556)  (838,1664)  (802,1664)  (802,1628)  (909,1448)  (945,1448)  (801,1520)  (801,1484)  (866,1447)  (840,1700)  (804,1700)  (958,1412)
Mascarene Sea Zone  (1786,1444)  (1750,1479)  (1750,1443)  (1821,1480)  (1786,1408)  (1822,1408)  (1822,1444)  (1748,1407)  (1785,1515)  (1749,1515)  (1714,1479)  (1714,1443)  (1857,1480)  (1857,1516)  (1821,1516)  (1713,1516)  (1784,1372)  (1820,1372)  (1856,1372)  (1858,1408)  (1858,1444)  (1712,1407)  (1712,1371)  (1748,1371)  (1892,1338)  (1785,1551)  (1749,1551)  (1678,1480)  (1678,1444)  (1893,1480)  (1893,1516)  (1893,1552)  (1857,1552)  (1821,1552)  (1713,1552)  (1677,1552)  (1677,1516)  (1784,1336)  (1820,1336)  (1856,1336)  (1894,1374)  (1894,1410)  (1676,1408)  (1676,1372)  (1676,1336)  (1712,1335)  (1748,1335)  (1892,1302)  (1928,1302)  (1928,1338)  (1642,1480)  (1642,1444)
Canary Sea Zone  (603,1022)  (567,1026)  (567,990)  (614,1058)  (535,954)  (571,954)  (614,1094)  (522,918)  (558,918)  (594,918)  (640,1130)  (604,882)  (646,1166)  (685,1199)  (649,1202)
Sakhalin Sea Zone  (2557,342)  (2521,377)  (2521,341)  (2592,378)  (2557,306)  (2519,305)  (2593,293)  (2556,413)  (2520,413)  (2613,414)  (2483,328)  (2483,292)  (2577,449)  (2541,449)  (2505,449)  (2638,450)  (2687,451)  (2703,385)  (2715,334)
West Indies  (120,876)
Turkey  (1213,645)  (1177,660)  (1249,625)  (1285,631)  (1321,627)
Gulf of Guinea Sea Zone  (816,1313)  (780,1348)  (780,1312)  (851,1349)  (816,1277)  (852,1277)  (852,1313)  (778,1276)  (815,1384)  (779,1384)  (744,1348)  (744,1312)  (887,1349)  (887,1385)  (851,1385)  (743,1385)  (814,1241)  (850,1241)  (886,1241)  (888,1277)  (888,1313)  (742,1276)  (758,1240)  (809,1420)  (708,1343)  (923,1349)  (773,1421)  (863,1205)  (706,1307)  (706,1271)  (670,1295)
Sakhalin Island  (2512,379)
India Sea Zone  (1644,1124)  (1608,1159)  (1608,1123)  (1679,1160)  (1644,1088)  (1680,1088)  (1680,1124)  (1606,1087)  (1643,1195)  (1607,1195)  (1572,1159)  (1715,1160)  (1715,1196)  (1679,1196)  (1571,1196)  (1642,1052)  (1678,1052)  (1716,1064)  (1716,1100)  (1591,1051)  (1643,1231)  (1607,1231)  (1751,1136)  (1751,1172)  (1751,1208)  (1701,1232)  (1571,1232)  (1627,1016)  (1663,1016)  (1787,1115)  (1787,1151)  (1606,980)  (1642,980)  (1678,980)  (1807,1077)  (1821,1040)  (1822,989)  (1614,944)  (1650,944)  (1858,961)  (1622,908)
Guyana  (417,1165)
Venezuela Sea Zone  (368,989)  (332,1024)  (332,988)  (403,1025)  (368,953)  (404,953)  (404,989)  (330,952)  (367,1060)  (296,1032)  (296,996)  (404,1061)  (366,917)  (402,917)  (438,917)  (440,953)  (440,989)  (294,960)  (329,916)  (474,905)  (476,941)
Indo-China  (2106,967)  (2105,1003)  (2080,878)  (2116,860)
Mexico  (3519,862)  (3483,851)  (3554,898)  (3518,898)  (3519,826)  (3555,826)  (3555,862)  (3471,815)  (3565,934)  (3529,934)  (3435,781)  (3471,779)
Arabia  (1410,926)  (1374,961)  (1374,925)  (1445,962)  (1410,890)  (1446,890)  (1446,926)  (1372,889)  (1409,997)  (1373,997)  (1338,961)  (1338,925)  (1481,962)  (1457,998)  (1408,854)  (1482,881)  (1482,917)  (1336,889)  (1347,853)  (1421,1033)  (1385,1033)  (1383,818)  (1518,884)  (1518,920)
Mozambique  (1236,1407)  (1200,1416)  (1271,1443)  (1220,1371)  (1256,1371)  (1235,1452)  (1259,1488)
Easter Island Sea Zone  (3493,1415)  (3457,1450)  (3457,1414)  (3528,1451)  (3493,1379)  (3529,1379)  (3529,1415)  (3455,1378)  (3492,1486)  (3456,1486)  (3421,1450)  (3421,1414)  (3564,1451)  (3564,1487)  (3528,1487)  (3420,1487)  (3491,1343)  (3527,1343)  (3563,1343)  (3565,1379)  (3565,1415)  (3419,1378)  (3419,1342)  (3455,1342)  (3492,1522)  (3456,1522)  (3385,1451)  (3565,1523)  (3529,1523)  (3420,1523)  (3384,1523)  (3384,1487)  (3491,1307)  (3527,1307)  (3563,1307)  (3402,1306)  (3438,1306)
Wake Island  (2772,876)
Malta Sea Zone  (961,754)  (997,756)  (1044,807)  (1056,758)  (1080,794)  (1116,760)  (1116,796)
Anglo-Egyptian Sudan  (1188,1045)  (1152,1080)  (1152,1044)  (1220,1081)  (1188,1009)  (1224,1009)  (1224,1045)  (1150,1008)  (1132,1116)  (1116,1080)  (1116,1044)  (1220,1117)  (1260,1018)  (1114,1008)
Algeria  (902,806)  (866,841)  (866,805)  (902,770)  (938,808)
Western U.S.A.  (3468,640)  (3432,675)  (3432,639)  (3503,676)  (3468,604)  (3504,604)  (3504,640)  (3430,603)  (3396,691)  (3396,655)  (3539,676)  (3539,712)  (3503,712)  (3466,568)  (3502,568)  (3538,568)  (3540,604)  (3540,640)  (3394,619)  (3394,583)  (3430,567)  (3374,547)  (3360,681)  (3565,748)  (3358,645)  (3358,609)  (3338,573)
Madagascar  (1383,1531)  (1379,1567)
Moscow  (1576,252)  (1540,287)  (1540,251)  (1611,288)  (1576,216)  (1612,216)  (1612,252)  (1538,215)  (1575,323)  (1539,323)  (1504,287)  (1504,251)  (1647,288)  (1647,324)  (1611,324)  (1503,324)  (1574,180)  (1610,180)  (1646,180)  (1648,216)  (1648,252)  (1502,215)  (1502,179)  (1538,179)  (1682,146)  (1575,359)  (1539,359)  (1468,288)  (1468,252)  (1683,288)  (1683,324)  (1683,360)  (1647,360)  (1611,360)  (1503,360)  (1467,360)  (1467,324)  (1574,144)  (1610,144)  (1646,144)  (1684,182)  (1684,218)  (1466,216)  (1466,180)  (1466,144)  (1502,143)  (1538,143)  (1682,110)  (1718,110)  (1718,146)  (1575,395)  (1539,395)  (1432,288)  (1432,252)
Transjordan  (1283,815)  (1294,851)  (1266,779)  (1302,779)
Syria  (1301,693)
Ireland  (670,411)
Midway Sea Zone  (2789,604)  (2789,640)  (2790,676)  (2825,604)  (2825,640)  (2826,676)  (2861,604)  (2862,663)  (2897,604)  (2898,640)  (2898,676)  (2933,604)  (2934,640)
East Pacific Sea Zone  (3149,1034)  (3113,1069)  (3113,1033)  (3184,1070)  (3149,998)  (3185,998)  (3185,1034)  (3111,997)  (3148,1105)  (3112,1105)  (3077,1069)  (3077,1033)  (3220,1070)  (3220,1106)  (3184,1106)  (3076,1106)  (3147,962)  (3183,962)  (3219,962)  (3221,998)  (3221,1034)  (3075,997)  (3098,961)  (3255,928)  (3148,1141)  (3112,1141)  (3041,1070)  (3041,1034)  (3256,1070)  (3256,1106)  (3256,1142)  (3220,1142)  (3184,1142)  (3076,1142)  (3136,926)  (3172,926)  (3208,926)  (3257,964)  (3257,1000)  (3244,892)  (3280,892)  (3291,928)  (3148,1177)  (3112,1177)  (3292,1036)  (3278,1178)  (3242,1178)  (3206,1178)  (3076,1178)  (3176,890)  (3293,964)  (3293,1000)
Coral Sea Zone  (2628,1398)  (2592,1433)  (2592,1397)  (2663,1434)  (2628,1362)  (2664,1362)  (2664,1398)  (2590,1361)  (2627,1469)  (2699,1434)  (2699,1470)  (2663,1470)  (2700,1372)  (2726,1506)  (2690,1506)  (2654,1506)  (2487,1349)  (2666,1542)  (2428,1327)  (2392,1316)  (2356,1342)  (2356,1306)  (2320,1362)  (2320,1326)
Switzerland  (903,521)
Soviet Far East  (2373,194)  (2337,229)  (2337,193)  (2408,230)  (2373,158)  (2409,158)  (2409,194)  (2335,157)  (2372,265)  (2336,265)  (2301,229)  (2301,193)  (2444,230)  (2417,266)  (2300,266)  (2371,122)  (2407,122)  (2443,122)  (2445,158)  (2445,194)  (2307,121)  (2479,88)  (2381,301)  (2345,301)  (2309,302)  (2343,86)  (2379,86)  (2415,86)  (2481,124)  (2481,160)  (2481,196)  (2301,85)  (2451,52)  (2487,52)  (2515,88)  (2406,337)  (2370,337)  (2337,50)  (2373,50)  (2409,50)  (2517,124)  (2517,160)  (2517,196)  (2294,49)  (2523,44)  (2442,353)  (2544,232)  (2445,16)  (2481,16)  (2551,80)  (2406,373)  (2370,373)
New Guinea Sea Zone  (2398,1266)  (2422,1229)  (2434,1265)  (2445,1193)  (2458,1229)  (2481,1190)  (2494,1226)  (2494,1262)  (2530,1200)  (2530,1236)  (2565,1315)  (2566,1207)  (2566,1243)  (2568,1279)  (2601,1315)  (2602,1214)  (2604,1250)
Burma  (1985,813)  (1949,848)  (1977,777)  (2013,777)  (2021,813)  (1969,884)
Caspian Sea Zone  (1438,585)  (1415,539)
Southwest Australia  (2327,1578)  (2291,1613)  (2291,1577)  (2362,1614)  (2327,1542)  (2363,1542)  (2363,1578)  (2289,1541)  (2294,1649)  (2258,1649)  (2255,1613)  (2255,1577)  (2398,1614)  (2399,1540)  (2399,1576)  (2253,1541)  (2253,1505)  (2289,1505)  (2222,1682)  (2219,1646)  (2219,1610)  (2434,1612)  (2434,1648)  (2435,1541)  (2217,1574)  (2217,1538)  (2280,1469)  (2316,1469)  (2440,1684)  (2297,1433)
East Canada Sea Zone  (150,115)  (114,150)  (114,114)  (185,151)  (150,79)  (186,79)  (186,115)  (112,78)  (149,186)  (113,186)  (78,150)  (78,114)  (77,187)  (148,43)  (184,43)  (220,43)  (222,79)  (222,115)  (76,78)  (76,42)  (112,42)  (256,9)  (174,222)  (138,222)  (42,151)  (42,115)  (102,223)  (66,223)  (148,7)  (184,7)  (220,7)  (258,45)  (258,81)  (258,117)  (40,79)  (40,43)  (40,7)  (76,6)  (112,6)  (292,4)  (177,258)  (141,258)  (6,164)  (6,128)  (105,259)  (69,259)  (294,40)  (294,76)  (294,112)  (4,92)  (4,56)  (4,20)
Northeast Pacific Sea Zone  (3038,595)  (3002,630)  (3002,594)  (3073,631)  (3038,559)  (3074,559)  (3074,595)  (3000,558)  (3037,666)  (3001,666)  (3109,631)  (3036,523)  (3072,523)  (3108,523)  (3110,559)  (3110,595)  (2987,522)
South Africa  (1166,1622)  (1130,1657)  (1130,1621)  (1167,1658)  (1166,1586)  (1202,1586)  (1202,1622)  (1129,1585)  (1131,1693)  (1095,1693)  (1094,1657)  (1172,1550)  (1208,1550)  (1108,1729)
Marcus Sea Zone  (2654,827)  (2618,858)  (2618,822)  (2654,791)  (2690,791)  (2582,881)  (2582,845)  (2690,755)  (2726,755)  (2546,904)  (2735,719)  (2510,927)
Revillegado Sea Zone  (3408,1095)  (3372,1130)  (3372,1094)  (3443,1131)  (3408,1059)  (3444,1059)  (3444,1095)  (3370,1058)  (3407,1166)  (3371,1166)  (3336,1130)  (3336,1094)  (3479,1131)  (3478,1167)  (3335,1167)  (3406,1023)  (3442,1023)  (3478,1023)  (3480,1059)  (3480,1095)  (3334,1058)  (3334,1022)  (3370,1022)  (3442,1202)  (3406,1202)  (3370,1203)  (3334,1203)  (3406,987)  (3442,987)  (3478,987)  (3336,986)  (3464,1238)  (3428,1238)  (3392,1239)  (3356,1239)  (3320,1239)  (3372,951)  (3408,951)  (3444,951)  (3343,915)  (3379,915)  (3415,915)  (3451,915)  (3347,879)  (3383,879)  (3350,843)
Northwest Pacific Sea Zone  (2703,630)  (2667,665)  (2667,629)  (2721,666)  (2703,594)  (2739,594)  (2739,630)  (2665,593)  (2677,701)  (2641,701)  (2631,665)  (2701,558)  (2737,558)  (2605,727)  (2688,522)  (2724,522)
Burma Sea Zone  (1895,1061)  (1912,1097)  (1876,1097)  (1895,1025)  (1931,1025)  (1897,1133)  (1861,1133)  (1908,989)  (1944,989)  (1883,1169)  (1847,1169)  (1922,953)
Chile Sea Zone  (63,1682)  (27,1717)  (27,1681)  (98,1718)  (63,1646)  (99,1646)  (99,1682)  (25,1645)  (62,1753)  (26,1753)  (134,1718)  (134,1754)  (98,1754)  (61,1610)  (97,1610)  (135,1620)  (135,1656)  (0,1609)  (62,1789)  (26,1789)  (135,1790)  (99,1790)  (36,1574)  (72,1574)  (108,1574)  (0,1573)  (63,1825)  (27,1825)  (125,1826)
Mongolia  (2065,458)  (2029,493)  (2029,457)  (2100,494)  (2065,422)  (2101,422)  (2101,458)  (2027,421)  (1993,491)  (2136,494)  (2137,419)  (2137,455)  (1991,455)  (2173,419)  (2173,455)  (2209,417)
Gulf of Alaska Sea Zone  (3021,424)  (2985,459)  (2985,423)  (3056,460)  (3021,388)  (3057,388)  (3057,424)  (2983,387)  (2949,440)  (3092,460)  (3019,352)  (3055,352)  (3091,352)  (3093,388)  (3093,424)  (2947,404)  (2947,368)  (2983,351)  (2937,332)  (3128,460)  (3019,316)  (3055,316)  (3091,316)  (3129,374)  (3129,410)  (2973,315)  (2885,290)  (3164,446)  (3063,280)  (2880,254)  (3200,462)  (2875,218)  (2918,8)
Formosa  (2274,835)
Cyprus Sea Zone  (1179,738)  (1215,733)
Sinkiang  (1864,590)  (1828,625)  (1828,589)  (1888,626)  (1864,554)  (1900,554)  (1887,662)  (1894,518)  (1930,518)  (1936,554)  (1924,687)  (1909,482)
Gibraltar Sea Zone  (593,750)  (557,785)  (557,749)  (628,786)  (593,714)  (629,714)  (629,750)  (555,713)  (592,821)  (556,821)  (521,785)  (521,749)  (664,786)  (664,822)  (628,822)  (520,822)  (591,678)  (627,678)  (665,717)  (519,713)  (519,677)  (555,677)  (700,753)  (529,858)  (591,642)  (627,642)  (500,641)  (536,641)  (782,736)
Egypt  (1163,902)  (1127,937)  (1127,901)  (1198,938)  (1163,866)  (1199,881)  (1125,865)
Greenland Sea Zone  (571,367)  (535,402)  (535,366)  (597,403)  (571,331)  (533,330)  (561,438)  (525,438)  (499,369)  (607,296)  (569,295)  (497,333)  (497,297)  (533,294)  (464,261)  (535,474)  (605,260)  (569,259)  (435,225)  (605,224)  (419,189)  (582,188)  (618,168)  (403,153)  (602,132)  (387,117)  (423,117)  (615,96)  (371,81)  (407,81)  (355,45)  (391,45)  (339,9)  (375,9)  (411,9)
Falklands Sea Zone  (446,1736)  (410,1771)  (410,1735)  (481,1772)  (446,1700)  (482,1700)  (482,1736)  (408,1699)  (445,1807)  (409,1807)  (374,1771)  (374,1735)  (517,1772)  (517,1808)  (481,1808)  (373,1808)  (444,1664)  (480,1664)  (518,1666)  (518,1702)  (372,1699)  (372,1663)  (408,1663)  (338,1772)  (338,1736)  (553,1738)  (553,1774)  (553,1810)  (337,1829)  (444,1628)  (554,1686)  (336,1700)  (397,1627)  (302,1793)  (589,1722)  (589,1758)  (589,1794)  (301,1829)  (433,1592)  (625,1725)  (625,1761)  (625,1797)  (265,1829)  (661,1745)  (661,1781)  (661,1817)  (697,1765)  (697,1801)  (733,1785)  (733,1821)
Western Canada  (3402,328)  (3366,363)  (3366,327)  (3437,364)  (3402,292)  (3438,292)  (3438,328)  (3364,291)  (3401,399)  (3365,399)  (3330,363)  (3330,327)  (3473,364)  (3473,400)  (3437,400)  (3329,400)  (3400,256)  (3436,256)  (3472,256)  (3474,292)  (3474,328)  (3328,291)  (3328,255)  (3364,255)  (3508,222)  (3401,435)  (3365,435)  (3294,364)  (3294,328)  (3509,364)  (3509,400)  (3509,436)  (3473,436)  (3437,436)  (3329,436)  (3293,436)  (3293,400)  (3400,220)  (3436,220)  (3472,220)  (3510,258)  (3510,294)  (3292,292)  (3292,256)  (3292,220)  (3328,219)  (3364,219)  (3508,186)  (3544,186)  (3544,222)  (3401,471)  (3365,471)  (3258,364)  (3258,328)
Alaska  (3000,185)  (2964,220)  (2964,184)  (3035,221)  (3000,149)  (3036,149)  (3036,185)  (2962,148)  (2928,193)  (3071,221)  (2998,113)  (3034,113)  (3070,113)  (3072,149)  (3072,185)  (2926,157)  (2926,121)  (2962,112)  (2998,77)  (3034,77)  (3070,77)  (2939,76)  (2975,41)  (3011,41)  (3047,41)  (2973,5)  (3009,5)  (3045,5)
Aleutian Islands  (2852,344)
East Indies Sea Zone  (1978,1221)  (1942,1201)  (2013,1257)  (1978,1185)  (2014,1185)  (2014,1221)  (1935,1165)  (2049,1257)  (2049,1293)  (1971,1149)  (2007,1149)  (2050,1182)  (2050,1218)  (2085,1254)  (2085,1290)  (1956,1113)  (2086,1194)  (2121,1230)  (2121,1266)  (2121,1302)  (2157,1259)  (2157,1295)  (2193,1277)
Eastern Canada  (151,439)  (115,474)  (115,438)  (185,475)  (187,407)  (113,402)  (196,371)  (149,510)  (79,479)  (79,443)  (223,407)  (77,407)  (77,371)  (113,366)  (232,358)  (46,335)  (43,479)  (43,443)  (259,394)  (41,407)  (41,371)  (225,322)  (261,322)  (268,358)  (10,335)  (7,498)  (7,462)  (295,394)  (5,426)  (5,390)  (297,293)  (224,286)  (260,286)  (304,329)  (0,260)  (331,365)  (331,401)  (333,284)  (215,250)  (251,250)  (340,320)  (0,224)  (367,356)  (212,214)  (248,214)  (397,458)  (238,178)
Norway  (881,205)  (878,241)  (896,169)
Germany  (972,431)  (936,466)  (936,430)  (1007,467)  (972,395)  (1008,395)  (1008,431)  (989,503)
Central America  (29,984)
New Zealand  (2778,1750)
Japan  (2478,658)  (2442,680)  (2509,622)
Byelorussian S.S.R.  (1306,374)  (1341,410)  (1305,410)  (1278,338)  (1314,338)  (1342,374)  (1242,303)  (1377,410)  (1364,446)  (1328,446)  (1278,302)  (1206,277)  (1242,267)
Angola  (1027,1472)  (1014,1436)  (1050,1436)
New Hebrides Sea Zone  (2741,1400)  (2741,1436)  (2777,1372)  (2798,1408)  (2811,1444)  (2813,1372)
Gulf of Panama Sea Zone  (26,1131)  (61,1167)  (25,1167)  (0,1095)  (36,1095)  (62,1131)  (0,1059)
Yakut S.S.R.  (2220,242)  (2184,277)  (2184,241)  (2255,278)  (2220,206)  (2256,206)  (2256,242)  (2182,205)  (2219,313)  (2183,313)  (2148,277)  (2148,241)  (2263,314)  (2147,314)  (2218,170)  (2254,170)  (2146,205)  (2146,169)  (2182,169)  (2227,349)  (2191,349)  (2112,278)  (2265,350)  (2155,350)  (2119,350)  (2111,314)  (2218,134)  (2254,134)  (2121,133)  (2157,133)  (2193,98)  (2229,98)  (2120,97)  (2156,97)  (2192,62)  (2228,62)  (2118,61)  (2154,61)  (2190,26)  (2226,26)  (2117,25)  (2153,25)
North Sargasso Sea Zone  (407,606)  (371,641)  (371,605)  (442,642)  (407,570)  (443,570)  (443,606)  (369,569)  (457,534)
Martin Vas Sea Zone  (632,1458)  (596,1493)  (596,1457)  (667,1494)  (632,1422)  (668,1422)  (668,1458)  (594,1421)  (631,1529)  (595,1529)  (560,1493)  (560,1457)  (703,1494)  (703,1530)  (667,1530)  (559,1530)  (630,1386)  (666,1386)  (704,1419)  (704,1455)  (594,1385)  (631,1565)  (595,1565)  (524,1494)  (739,1491)  (739,1527)  (739,1563)  (703,1566)  (667,1566)  (559,1566)  (523,1566)  (523,1530)  (630,1350)  (584,1349)  (752,1599)  (631,1601)  (595,1601)  (716,1602)  (680,1602)  (559,1602)  (523,1602)  (487,1575)  (487,1539)  (620,1314)  (566,1313)  (752,1635)  (644,1637)  (608,1637)  (716,1638)  (680,1638)  (572,1638)
British East Africa  (1125,1361)  (1136,1397)  (1161,1340)  (1131,1433)  (1197,1305)  (1214,1269)  (1187,1462)  (1151,1469)  (1115,1469)  (1233,1305)  (1250,1236)  (1142,1505)  (1106,1505)  (1269,1272)  (1269,1308)  (1220,1200)  (1256,1200)  (1286,1236)  (1070,1528)  (1034,1531)  (1124,1541)  (1242,1164)  (1322,1226)  (1083,1564)  (1047,1567)  (1066,1603)  (1030,1603)
Prince Edward Sea Zone  (1258,1743)  (1222,1778)  (1222,1742)  (1293,1779)  (1258,1707)  (1294,1707)  (1294,1743)  (1220,1706)  (1257,1814)  (1221,1814)  (1186,1754)  (1329,1779)  (1329,1815)  (1293,1815)  (1256,1671)  (1292,1671)  (1328,1671)  (1330,1707)  (1330,1743)  (1184,1718)  (1253,1635)  (1289,1635)  (1325,1635)  (1277,1599)  (1313,1599)
Marquesas Sea Zone  (3182,1417)  (3146,1452)  (3146,1416)  (3217,1453)  (3182,1381)  (3218,1381)  (3218,1417)  (3144,1380)  (3181,1488)  (3145,1488)  (3110,1452)  (3110,1416)  (3253,1453)  (3253,1489)  (3217,1489)  (3109,1489)  (3180,1345)  (3216,1345)  (3252,1345)  (3254,1381)  (3254,1417)  (3108,1380)  (3108,1344)  (3144,1344)  (3288,1311)  (3181,1524)  (3145,1524)  (3289,1453)  (3289,1489)  (3289,1525)  (3253,1525)  (3217,1525)  (3109,1525)  (3180,1309)  (3216,1309)  (3252,1309)  (3290,1347)  (3290,1383)  (3072,1358)  (3072,1322)  (3108,1308)  (3144,1308)  (3063,1286)  (3324,1278)  (3325,1419)  (3325,1455)  (3325,1491)  (3325,1527)  (3105,1561)  (3326,1314)  (3326,1350)
Eastern U.S.A.  (58,638)  (22,673)  (22,637)  (93,674)  (58,602)  (94,602)  (94,638)  (20,601)  (57,709)  (21,709)  (130,585)  (130,621)  (0,565)  (36,565)  (166,571)
Novosibirsk  (1824,431)  (1788,466)  (1788,430)  (1859,467)  (1824,395)  (1860,395)  (1860,431)  (1786,394)  (1823,502)  (1787,502)  (1752,466)  (1752,430)  (1751,503)  (1822,359)  (1858,359)  (1894,359)  (1896,395)  (1778,358)  (1930,339)  (1797,538)  (1715,516)  (1715,480)  (1932,375)  (1968,358)  (2004,361)
Eastern Europe  (1098,465)  (1062,466)  (1133,501)  (1067,429)  (1097,502)  (1151,537)  (1068,393)  (1115,538)  (1065,357)  (1101,357)  (1143,574)  (1063,321)
Iraq  (1392,731)  (1382,695)
Southern Europe  (1039,557)  (1003,546)  (1074,593)  (981,627)  (967,544)  (931,566)
India  (1758,846)  (1722,881)  (1722,845)  (1793,882)  (1758,810)  (1794,810)  (1794,846)  (1720,809)  (1757,917)  (1721,917)  (1686,881)  (1686,845)  (1829,882)  (1829,918)  (1793,918)  (1756,774)  (1792,774)  (1828,774)  (1830,810)  (1830,846)  (1684,809)  (1688,773)  (1864,740)  (1757,953)  (1721,953)  (1650,845)  (1766,738)  (1802,738)  (1866,776)  (1866,812)  (1866,848)  (1648,809)  (1838,704)  (1783,989)  (1747,989)  (1791,702)  (1902,754)  (1902,790)  (1902,826)  (1782,1025)
Greenland  (522,87)  (486,122)  (486,86)  (556,123)  (522,51)  (558,51)  (558,87)  (484,50)  (520,158)  (484,158)  (520,15)  (556,15)  (592,15)  (460,14)  (531,194)  (495,194)  (515,230)
North Sea Zone  (641,344)  (645,298)  (649,251)  (653,205)  (657,158)  (661,112)  (664,455)  (665,65)  (669,19)  (677,334)  (681,287)  (685,241)  (689,194)  (693,148)  (697,101)  (700,442)  (701,55)  (704,370)  (705,1)  (708,406)  (713,323)  (717,277)  (721,230)  (725,184)  (729,137)  (733,91)  (736,442)  (737,37)  (740,359)  (744,395)  (749,313)  (753,266)  (757,220)  (761,173)  (765,127)  (769,73)  (772,431)  (776,349)  (780,385)  (785,302)  (789,256)  (793,209)  (797,163)  (801,109)  (812,338)  (816,374)  (821,292)  (833,145)
Celebes Sea Zone  (2364,1154)  (2328,1189)  (2328,1153)  (2388,1190)  (2364,1118)  (2400,1149)  (2352,1225)  (2316,1225)  (2292,1189)  (2292,1153)  (2283,1117)  (2280,1237)  (2342,1261)  (2256,1201)  (2256,1165)  (2247,1129)  (2247,1093)  (2297,1273)  (2244,1248)  (2220,1212)  (2220,1176)  (2211,1140)  (2211,1104)  (2184,1212)  (2184,1176)  (2175,1140)
Italian East Africa  (1342,1143)  (1306,1112)  (1377,1179)  (1341,1179)  (1378,1128)  (1282,1076)
Tonga Sea Zone  (2962,1471)  (2926,1506)  (2926,1470)  (2997,1507)  (2962,1435)  (2998,1435)  (2998,1471)  (2924,1434)  (2961,1542)  (2925,1542)  (2890,1506)  (2890,1470)  (3033,1507)  (3033,1543)  (2997,1543)  (2889,1543)  (2960,1399)  (2996,1399)  (3032,1399)  (3034,1435)  (3034,1471)  (2888,1434)  (2888,1398)  (2924,1398)  (2961,1578)  (2925,1578)  (2854,1507)  (2854,1471)  (3046,1579)  (3010,1579)  (2889,1579)  (2853,1554)  (2960,1363)  (2996,1363)  (3032,1363)  (2870,1362)  (2906,1362)  (2930,1614)  (2894,1615)  (2942,1327)  (2978,1327)  (3014,1327)  (2880,1326)  (2916,1291)  (2952,1291)  (2988,1291)
Cyprus  (1214,703)
Philippines Sea Zone  (2257,1008)  (2269,1044)  (2306,934)  (2308,896)  (2342,932)  (2344,968)  (2356,1004)  (2370,1071)  (2378,909)  (2380,945)  (2392,981)  (2392,1017)  (2416,917)  (2428,953)
Manchukuo  (2294,487)  (2258,522)  (2258,486)  (2329,523)  (2294,451)  (2330,451)  (2330,487)  (2246,558)  (2222,522)  (2325,559)  (2281,415)  (2317,415)  (2366,421)  (2366,457)  (2366,493)  (2210,570)  (2303,379)  (2402,438)  (2402,474)  (2220,606)  (2184,626)  (2228,642)  (2341,644)  (2243,678)  (2259,714)
Caroline Islands Sea Zone  (2420,1089)  (2443,1053)  (2444,1125)  (2456,1089)  (2466,1017)  (2479,1053)  (2480,1125)  (2492,1089)  (2502,990)  (2515,1026)  (2516,1125)  (2528,1062)  (2538,968)  (2549,1161)  (2551,1004)  (2564,1040)  (2564,1076)  (2574,945)  (2587,981)  (2600,1017)  (2600,1053)  (2600,1089)  (2623,977)  (2628,1125)  (2636,1013)  (2636,1049)  (2636,1085)  (2664,1121)  (2672,1024)  (2672,1060)  (2700,1096)  (2708,1057)
Bonin Sea Zone  (2463,757)  (2427,775)  (2427,739)  (2499,727)  (2499,763)  (2391,770)  (2391,734)  (2535,699)  (2554,663)  (2554,627)  (2590,606)  (2552,591)  (2588,570)  (2624,540)  (2599,504)  (2635,504)
Mexico Sea Zone  (3533,1150)  (3565,1186)  (3529,1186)  (3530,1114)  (3565,1222)  (3529,1222)  (3537,1078)  (3543,1042)
Kergulen Sea Zone  (1835,1716)  (1799,1751)  (1799,1715)  (1870,1752)  (1835,1680)  (1871,1680)  (1871,1716)  (1797,1679)  (1834,1787)  (1798,1787)  (1763,1751)  (1763,1715)  (1906,1752)  (1906,1788)  (1870,1788)  (1762,1788)  (1833,1644)  (1869,1644)  (1905,1644)  (1907,1680)  (1907,1716)  (1761,1679)  (1761,1643)  (1797,1643)  (1941,1610)  (1834,1823)  (1798,1823)  (1727,1752)  (1727,1716)  (1942,1752)  (1942,1788)  (1942,1824)  (1906,1824)  (1870,1824)  (1762,1824)  (1726,1824)  (1726,1788)  (1891,1608)  (1943,1646)  (1943,1682)  (1725,1680)  (1725,1644)  (1690,1829)  (1690,1793)
French West Africa  (908,996)  (872,1031)  (872,995)  (943,1032)  (908,960)  (944,968)  (870,959)  (979,1004)  (979,1040)  (849,923)  (885,923)  (881,887)
Wake Island Sea Zone  (2628,911)  (2664,888)  (2664,924)  (2679,960)  (2700,865)  (2700,901)  (2715,937)  (2715,973)  (2736,843)  (2736,879)  (2751,915)  (2751,951)  (2772,820)  (2787,908)  (2789,728)  (2791,764)  (2792,856)  (2808,800)  (2823,892)  (2825,727)  (2827,763)  (2828,836)  (2844,799)  (2859,872)  (2861,726)  (2863,762)  (2864,835)  (2880,798)  (2897,726)  (2899,762)  (2900,834)  (2916,798)  (2933,725)  (2935,761)  (2936,834)  (2952,797)
Libya  (1000,911)  (964,929)  (964,893)  (1000,875)  (1036,875)  (1036,911)  (981,839)  (1072,893)
Sicily  (958,692)
Shanghai-Canton  (2199,782)  (2213,818)  (2177,818)  (2194,746)  (2235,775)
Bering Sea Zone  (2754,437)  (2755,268)  (2755,304)  (2755,340)  (2789,401)  (2790,437)  (2791,236)  (2791,272)  (2791,308)  (2825,194)  (2825,385)  (2826,421)  (2826,457)  (2827,230)  (2827,266)  (2827,302)  (2829,157)  (2833,119)  (2837,81)  (2841,44)  (2845,6)  (2861,365)  (2862,401)  (2862,437)  (2898,441)
Barents Sea Zone  (984,17)  (948,52)  (948,16)  (1020,0)  (1020,36)  (919,88)  (912,52)  (912,16)  (1056,0)  (876,76)  (876,40)  (876,4)  (1092,0)  (840,42)  (840,6)  (1128,0)  (1148,36)  (804,8)  (1164,0)  (1184,36)  (1200,0)  (1210,72)  (1220,36)  (1236,0)  (1246,72)  (1256,36)
East Indies  (2073,1212)
New Zealand Sea Zone  (2673,1825)  (2679,1787)  (2686,1748)  (2693,1709)  (2707,1673)  (2729,1709)  (2743,1653)  (2765,1829)  (2779,1633)  (2779,1669)  (2784,1792)  (2801,1828)  (2815,1756)  (2820,1792)  (2837,1828)  (2838,1625)  (2851,1720)  (2851,1756)  (2856,1792)
Crozet Sea Zone  (1509,1731)  (1473,1766)  (1473,1730)  (1544,1767)  (1509,1695)  (1545,1695)  (1545,1731)  (1471,1694)  (1508,1802)  (1472,1802)  (1437,1766)  (1437,1730)  (1580,1767)  (1580,1803)  (1544,1803)  (1436,1803)  (1507,1659)  (1543,1659)  (1579,1659)  (1581,1695)  (1581,1731)  (1435,1694)  (1435,1658)  (1471,1658)  (1615,1625)  (1401,1767)  (1401,1731)  (1616,1767)  (1616,1803)  (1400,1829)  (1507,1623)  (1543,1623)  (1579,1623)  (1617,1661)  (1617,1697)  (1399,1695)  (1399,1659)  (1412,1622)  (1448,1622)  (1652,1733)  (1653,1628)  (1653,1664)
Solomon Islands Sea Zone  (2644,1209)  (2655,1283)  (2679,1319)  (2680,1179)  (2683,1215)  (2715,1314)  (2716,1149)  (2719,1185)  (2719,1221)  (2751,1305)  (2752,1119)  (2755,1155)  (2779,1221)  (2780,1257)  (2787,1293)  (2787,1329)  (2791,1128)  (2791,1164)  (2815,1200)  (2816,1236)  (2823,1272)  (2823,1308)  (2827,1158)
Brazil  (413,1332)  (377,1367)  (377,1331)  (448,1368)  (413,1296)  (449,1296)  (449,1332)  (375,1295)  (412,1403)  (376,1403)  (341,1367)  (341,1331)  (484,1368)  (484,1404)  (448,1404)  (340,1404)  (411,1260)  (447,1260)  (483,1260)  (485,1296)  (485,1332)  (339,1295)  (339,1259)  (375,1259)  (412,1439)  (376,1439)  (305,1368)  (305,1332)  (520,1368)  (520,1404)  (476,1440)  (340,1440)  (304,1436)  (411,1224)  (459,1224)  (521,1319)  (303,1296)  (303,1260)  (303,1224)  (339,1223)  (375,1223)  (440,1475)  (404,1475)  (269,1367)  (368,1476)  (267,1331)  (267,1295)  (267,1259)  (267,1223)  (418,1511)  (382,1512)
Suez Canal Sea Zone  (1186,785)
Southwest Pacific Sea Zone  (3095,1705)  (3059,1740)  (3059,1704)  (3130,1741)  (3095,1669)  (3131,1669)  (3131,1705)  (3057,1668)  (3094,1776)  (3058,1776)  (3023,1740)  (3023,1704)  (3166,1741)  (3166,1777)  (3130,1777)  (3022,1777)  (3093,1633)  (3129,1633)  (3165,1633)  (3167,1669)  (3167,1705)  (3021,1668)  (3023,1632)  (3094,1812)  (3058,1812)  (2987,1741)  (2987,1705)  (3196,1813)  (3160,1813)  (3022,1813)  (2986,1813)  (2986,1777)  (3139,1597)  (2985,1669)  (2951,1741)  (2951,1705)  (2950,1829)  (2950,1793)  (2949,1669)  (2915,1757)  (2915,1721)  (2914,1829)  (2914,1793)  (2913,1685)
Okinawa  (2463,824)
Venezuela  (307,1109)  (271,1129)  (271,1093)  (342,1145)  (343,1105)
Timor Sea Zone  (2143,1446)  (2107,1481)  (2107,1445)  (2165,1482)  (2143,1410)  (2179,1410)  (2179,1446)  (2105,1409)  (2129,1517)  (2093,1517)  (2071,1481)  (2071,1445)  (2141,1374)  (2177,1374)  (2213,1374)  (2215,1410)  (2215,1446)  (2069,1409)  (2069,1373)  (2105,1373)  (2057,1531)  (2249,1340)  (2154,1553)  (2118,1553)  (2035,1495)  (2251,1376)  (2251,1412)  (2021,1560)  (2244,1304)
Persia  (1538,755)  (1502,790)  (1502,754)  (1573,791)  (1538,719)  (1574,744)  (1500,718)  (1574,703)  (1466,763)  (1592,827)  (1536,683)  (1464,727)  (1464,691)  (1500,682)  (1572,667)
Sweden  (962,228)  (926,263)  (964,264)  (951,192)  (967,156)  (1003,138)
Nigeria  (909,1137)  (873,1155)  (873,1119)  (936,1173)  (945,1107)  (981,1085)  (981,1121)
Seychelles Sea Zone  (1421,1301)  (1385,1336)  (1385,1300)  (1456,1337)  (1421,1265)  (1457,1265)  (1457,1301)  (1383,1264)  (1420,1372)  (1384,1372)  (1349,1336)  (1349,1300)  (1479,1373)  (1348,1373)  (1419,1229)  (1455,1229)  (1491,1229)  (1493,1265)  (1493,1301)  (1443,1408)  (1407,1408)  (1313,1337)  (1371,1409)  (1335,1409)  (1312,1373)  (1423,1193)  (1459,1193)  (1495,1193)  (1464,1444)  (1374,1445)  (1338,1445)  (1446,1157)  (1482,1157)  (1518,1157)  (1456,1480)  (1330,1481)  (1466,1121)  (1502,1121)  (1448,1516)  (1321,1517)  (1441,1552)
Ivory Coast  (722,1106)  (686,1137)  (686,1101)  (757,1142)  (722,1070)  (758,1070)  (758,1106)  (680,1065)  (793,1142)  (775,1178)  (739,1178)  (794,1049)  (794,1085)
New Hebrides  (2785,1478)
Columbia  (203,1156)  (167,1191)  (167,1155)  (223,1192)  (203,1120)  (165,1119)  (131,1169)  (201,1084)
Siam  (2025,943)  (2010,907)  (2021,871)
Spain  (729,649)  (693,653)  (693,617)  (764,685)  (729,613)  (765,613)  (765,649)  (728,689)
Panama Canal Sea Zone  (115,1094)
Kazakh S.S.R.  (1645,542)  (1609,577)  (1609,541)  (1680,578)  (1645,506)  (1607,505)  (1644,613)  (1608,613)  (1573,577)  (1573,541)  (1716,570)  (1716,606)  (1680,614)  (1572,614)  (1537,578)  (1537,542)  (1752,574)  (1752,610)  (1536,616)  (1501,580)  (1501,544)  (1500,634)  (1465,542)
Tierra del Fuego Sea Zone  (193,1796)
Tasman Sea Zone  (2700,1599)  (2664,1634)  (2736,1567)  (2658,1670)  (2772,1556)  (2622,1705)  (2645,1741)
Great Australian Bight Sea Zone  (2163,1752)  (2127,1787)  (2127,1751)  (2198,1788)  (2163,1716)  (2199,1737)  (2125,1715)  (2162,1823)  (2126,1823)  (2091,1787)  (2091,1751)  (2234,1773)  (2234,1809)  (2198,1824)  (2090,1824)  (2161,1680)  (2235,1737)  (2089,1715)  (2089,1679)  (2125,1679)  (2055,1788)  (2055,1752)  (2270,1773)  (2270,1809)  (2054,1829)  (2161,1644)  (2271,1719)  (2053,1716)  (2053,1680)  (2053,1644)  (2089,1643)  (2125,1643)  (2019,1793)  (2019,1757)  (2306,1755)  (2306,1791)  (2306,1827)  (2018,1829)  (2018,1608)  (2161,1608)  (2307,1707)  (2017,1721)  (2017,1685)  (2017,1649)  (2054,1607)  (2090,1607)  (2342,1743)  (2342,1779)  (2342,1815)  (2343,1679)  (2378,1715)  (2378,1751)  (2378,1787)  (2378,1823)
Hawaii Sea Zone  (3003,739)  (3003,775)  (3003,811)  (3003,847)  (3025,883)  (3039,761)  (3039,797)  (3039,833)  (3049,713)  (3054,919)  (3061,869)  (3075,783)  (3075,819)  (3085,704)  (3097,855)  (3097,891)  (3121,695)  (3121,731)  (3133,821)  (3133,857)  (3157,705)  (3157,741)  (3169,803)  (3193,740)  (3205,776)
Solomon Islands  (2675,1260)
New Guinea  (2530,1299)
Rio de Oro  (755,964)  (719,999)  (719,963)  (790,1000)  (755,928)  (791,928)  (791,964)  (717,927)  (683,995)  (753,892)  (789,892)  (681,959)  (681,923)  (717,891)  (677,887)  (645,969)
Formosa Sea Zone  (2249,852)  (2293,801)  (2301,847)  (2329,796)  (2337,832)
Midway  (2859,636)
Tibet  (1984,617)  (1948,644)  (1948,608)  (2019,653)  (1984,581)  (2020,581)  (2020,617)  (1983,680)  (1994,545)  (2030,545)
Peru  (118,1319)  (82,1354)  (82,1318)  (153,1355)  (118,1283)  (154,1283)  (154,1319)  (80,1282)  (117,1390)  (46,1353)  (189,1355)  (189,1391)  (153,1391)  (116,1247)  (152,1247)  (190,1279)  (190,1315)  (44,1317)  (44,1281)  (80,1246)  (225,1378)  (225,1414)  (189,1427)  (153,1427)  (94,1210)  (152,1463)
Red Sea Zone  (1314,1012)  (1286,960)  (1268,924)
Caucasus  (1328,526)  (1363,562)  (1319,490)  (1355,490)  (1364,526)
Gibraltar  (747,728)
China  (2105,660)  (2069,695)  (2069,659)  (2140,696)  (2105,624)  (2069,623)  (2141,594)  (2104,731)  (2068,731)  (2176,676)  (2140,732)  (2105,588)  (2141,558)  (2104,767)  (2074,552)
Baltic Sea Zone  (1002,309)  (1003,273)  (869,298)
Western Europe  (825,511)  (789,546)  (789,510)  (859,547)  (825,475)  (861,475)  (823,582)  (850,439)
Finland  (1075,174)  (1039,209)  (1091,210)  (1064,138)
South Pacific Sea Zone  (3385,1692)  (3349,1727)  (3349,1691)  (3420,1728)  (3385,1656)  (3421,1656)  (3421,1692)  (3347,1655)  (3384,1763)  (3348,1763)  (3313,1727)  (3313,1691)  (3456,1728)  (3456,1764)  (3420,1764)  (3312,1764)  (3383,1620)  (3419,1620)  (3455,1620)  (3457,1656)  (3457,1692)  (3311,1655)  (3311,1619)  (3347,1619)  (3491,1586)  (3384,1799)  (3348,1799)  (3277,1728)  (3277,1692)  (3492,1728)  (3492,1764)  (3492,1800)  (3456,1800)  (3420,1800)  (3312,1800)  (3276,1800)  (3276,1764)  (3383,1584)  (3419,1584)  (3455,1584)  (3493,1622)  (3493,1658)  (3275,1656)  (3275,1620)  (3275,1584)  (3311,1583)  (3347,1583)  (3527,1568)  (3241,1728)  (3241,1692)  (3528,1694)  (3528,1730)  (3528,1766)  (3528,1802)
Sicily Sea Zone  (877,641)  (841,676)  (913,621)  (913,657)  (949,667)  (1014,718)  (1032,676)  (1050,712)  (1086,702)  (1122,704)
Hawaii  (3137,785)
East US Sea Zone  (223,687)  (187,722)  (187,686)  (258,723)  (223,651)  (259,651)  (259,687)  (185,650)  (222,758)  (186,758)  (151,722)  (150,759)  (221,615)  (257,615)  (293,615)  (295,651)  (295,687)  (150,795)  (114,744)  (249,579)  (285,579)  (57,800)
Marshall Sea Zone  (2892,1003)  (2856,1038)  (2856,1002)  (2927,1039)  (2892,967)  (2928,967)  (2928,1003)  (2854,966)  (2891,1074)  (2855,1074)  (2820,1038)  (2820,1002)  (2819,1075)  (2890,931)  (2926,931)  (2962,931)  (2964,967)  (2964,1003)  (2818,966)  (2998,930)  (2856,1110)  (2784,1039)  (2784,1003)  (2953,895)  (3000,966)  (2748,1024)
Guyana Sea Zone  (533,1147)  (497,1148)  (497,1112)  (568,1183)  (533,1111)  (569,1144)  (532,1184)  (461,1137)  (461,1101)  (497,1076)  (603,1219)  (533,1075)  (567,1220)  (531,1220)  (480,1040)  (516,1039)  (573,1256)
Malta  (1027,782)
Peru Sea Zone  (40,1444)  (4,1479)  (4,1443)  (75,1480)  (76,1441)  (2,1407)  (39,1515)  (3,1515)  (108,1516)  (0,1371)  (0,1262)
United Kingdom  (756,396)  (746,360)  (735,324)
North Pacific Sea Zone  (2835,531)  (2799,566)  (2799,530)  (2870,567)  (2835,495)  (2871,496)  (2797,494)  (2906,532)  (2906,568)  (2942,498)  (2942,534)
West US Sea Zone  (3230,619)  (3194,654)  (3194,618)  (3265,655)  (3230,583)  (3266,583)  (3266,619)  (3192,582)  (3229,690)  (3301,691)  (3265,691)  (3228,547)  (3264,547)  (3176,546)  (3327,727)  (3291,727)  (3255,727)
Black Sea Zone  (1252,576)  (1216,587)  (1288,588)
Northeast Australia  (2525,1553)  (2489,1588)  (2489,1552)  (2560,1589)  (2525,1517)  (2561,1517)  (2561,1553)  (2487,1516)  (2524,1624)  (2488,1624)  (2596,1589)  (2596,1625)  (2560,1625)  (2523,1481)  (2559,1481)  (2597,1522)  (2451,1504)  (2487,1480)  (2439,1468)  (2524,1660)  (2488,1660)  (2591,1661)  (2523,1445)  (2475,1444)  (2403,1503)  (2403,1467)  (2439,1432)  (2402,1431)  (2555,1696)  (2519,1696)  (2483,1696)  (2518,1409)  (2367,1502)  (2366,1466)  (2366,1430)  (2402,1395)  (2557,1732)  (2521,1732)
Borneo-Celebes  (2197,1152)
Congo  (1040,1292)  (1004,1327)  (1004,1291)  (1063,1328)  (1040,1256)  (1076,1256)  (1076,1292)  (1002,1255)  (1008,1363)  (968,1306)  (1060,1364)  (1112,1231)  (1112,1267)  (966,1270)  (966,1234)  (1148,1228)  (1148,1264)  (1153,1179)